1606
5710
9350
6875
9168
5880
4009
1473
7721
9381
9920
6699
1392
4078
3035
3203
2197
1893
6335
8798
2142
7810
2655
5957
9380
9471
1445
2015
1803
4305
4541
3886
1434
8392
7331
1125
2168
8807
6190
5983
7194
3872
9241
6881
8377
1535
7751
1070
5684
4100
2323
7776
6589
1314
8247
6957
6960
2707
5049
3650
1145
7510
2689
9038
9357
6575
7686
1172
3019
7312
5780
3386
2576
7119
2130
9558
3537
9036
3424
7277
1053
4817
4194
2506
6240
3918
4381
2914
6926
7049
2804
1110
2097
9286
2302
9656
4795
6788
3975
8269
